Level 1 :
			'upgrade': {
				'1': [
					[1,3],
					[2,3],
					[3,2],[3,3],[3,4],
					[4,1],[4,2],[4,3],[4,4],[4,5],
					[5,0],[5,1],[5,2],[5,4],[5,5],[5,6],
					[6,1],[6,2],[6,3],[6,4],[6,5],
					[7,2],[7,3],[7,4],
					[8,3],
					[9,3]
  				],
				'2': [[5,3]]
			}

Level 2 :
			'upgrade': {
				'1': [
					[0,0],[0,2],[0,4],[0,6],
					[1,1],[1,3],[1,5],
					[2,0],[2,2],[2,4],[2,6],
					[3,1],[3,3],[3,5],
					[4,0],[4,2],[4,4],[4,6],
					[5,1],[5,3],[5,5],
					[6,0],[6,2],[6,4],[6,6],
					[7,1],[7,3],[7,5],
					[8,0],[8,2],[8,4],[8,6],
					[9,1],[9,3],[9,5],
					[10,0],[10,2],[10,4],[10,6]
				],
				'2': [
					[1,2],[2,3],[3,2],[4,3],[5,2],[6,3],[7,2],[8,3],[9,2]
				],
				'3': [
					[2,1],[8,1]
				]
			}

Level 3 :	
			'upgrade': {
				'1': [],
				'2': [
					[1,1],[1,3],[1,5],
					[2,2],[2,4],
					[3,1],[3,3],[2,5],
					[4,2],[4,4],
					[5,1],[5,3],[3,5],
					[6,2],[6,4],
					[7,1],[7,3],[4,5],
					[8,2],[8,4],
					[9,1],[9,3],[5,5],
				],
				'3': [
					[0,0],[0,1],[0,2],[0,3],[0,4],[0,5],[0,6],
					[1,0],[1,6],
					[2,0],[2,6],
					[3,0],[3,6],
					[4,0],[4,6],
					[5,0],[5,6],
					[6,0],[6,6],
					[7,0],[7,6],
					[8,0],[8,6],
					[9,0],[9,6],
					[10,0],[10,1],[10,2],[10,3],[10,4],[10,5],[10,6]
				]
			}